1 28.941096215257947 1
3 31.69706926514325 1
5 5.318823313405373 1
7 4.032985102509162 1
9 27.428209128165804 1
11 23.51296970968166 1
13 22.647130887217358 1
15 34.18110997291544 1
17 20.568676919112367 1
19 7.59701046630804 1
21 16.76021274779883 1
23 16.59595295472207 1
25 10.03526085209312 1
27 13.716093089300733 1
29 8.237250075781137 1
31 38.32788176466524 1
33 11.286144827423295 1
35 44.011597884752355 1
37 40.94467307441286 1
39 31.77034112975411 1
41 19.701643885236937 1
43 28.318731801456384 1
45 8.986621316976636 1
47 16.68587255717037 1
49 6.3118605760808455 1
51 5.436141793424665 1
53 29.57609849386908 1
