0 ? ? -78 -48 -8 -10 50%1 2 3 4 
2 ? ? -87 -6 -9 -36 50%1 0 9 8 
4 ? ? -83 -10 0 -14 50%3 0 5 6 11 14 
6 ? ? -84 -26 -1 -11 50%5 4 7 8 
8 ? ? -85 -16 -1 -59 50%7 6 9 2 15 12 
10 ? ? -76 -11 -22 -30 50%17 30 
12 ? ? -87 -54 7 29 50%13 14 15 8 
14 ? ? -81 -27 6 18 50%11 4 13 12 
16 ? ? 263 47 4 35 50%31 32 
18 ? ? -88 -9 -20 -48 50%29 20 
20 ? ? -86 -10 -22 -17 50%27 30 29 18 
22 ? ? -89 -4 -14 -4 50%19 24 
24 ? ? -86 -57 -14 -47 50%19 22 21 28 
26 ? ? -78 -28 -16 -13 50%23 28 
28 ? ? -83 -10 -17 -55 50%21 24 23 26 25 30 
30 ? ? -82 -13 -20 -41 50%17 10 25 28 27 20 
32 ? ? 266 2 -6 -13 50%31 16 33 62 
40 ? ? 248 47 -29 -11 50%47 48 
42 ? ? 264 58 -30 -6 50%53 44 
44 ? ? 255 19 -28 -52 50%51 46 53 42 
46 ? ? 254 18 -27 -35 50%49 48 51 44 
48 ? ? 253 0 -26 -12 50%45 50 47 40 49 46 
50 ? ? 254 9 -23 -48 50%43 52 45 48 
52 ? ? 258 27 -16 -46 50%41 54 43 50 
54 ? ? 264 12 -17 -57 50%41 52 
56 ? ? 237 55 -2 -55 50%39 58 
58 ? ? 244 20 -9 -23 50%37 60 39 56 
60 ? ? 251 59 0 -29 50%35 62 37 58 
62 ? ? 262 53 -7 -1 50%33 32 35 60 
